1.048249166604364319e-01 1.031183730810880661e-02
8.107682454283348522e-03 1.332040317356586456e-02
8.134802327549549988e-03 3.858012612909078598e-03
3.629728296073153442e-03 3.269788576290011406e-03
3.339690766006242571e-03 3.122854512184858322e-03
2.826379590260330588e-03 2.877002116292715073e-03
2.782730511535191995e-03 2.504588803276419640e-03
2.249858739378396595e-03 2.442373428493738174e-03
2.209490425593685445e-03 2.389065455645322800e-03
2.054954746199655347e-03 3.668939229100942612e-03
2.084400762396398758e-03 1.943475916050374508e-03
2.007312909336178650e-03 2.007152186706662178e-03
1.744639026583172381e-03 1.971153309568762779e-03
1.774899551310227209e-03 1.498161582276225090e-03
1.539885408783448015e-03 1.224901410751044750e-03
1.456047089959611185e-03 1.338365837000310421e-03
1.429112407276989004e-03 8.443033439107239246e-04
1.208548834620160137e-03 1.021933858282864094e-03
1.035004840014153247e-03 7.525904802605509758e-04
1.160107963005430022e-03 1.343296607956290245e-03
1.018639924586750480e-03 6.534318672493100166e-04
8.019927230634493536e-04 7.529278518632054329e-04
9.130886990533326319e-04 6.233399617485702038e-04
9.564993266394594901e-04 6.580896442756056786e-04
9.335991137049859823e-04 6.225222023203969002e-04
8.913040855986764655e-04 5.579661810770630836e-04
7.454462715031695335e-04 6.602071225643157959e-04
8.683345886311144568e-04 6.116171716712415218e-04
8.628506589957396717e-04 5.679340101778507233e-04
7.063725517582497993e-04 1.156195416115224361e-03
7.953512898893677413e-04 4.250702913850545883e-04
7.857700962631497749e-04 1.136625418439507484e-03
8.807243166302214377e-04 6.528956582769751549e-04
7.338557861658046022e-04 5.661360919475555420e-04
7.197204091426101730e-04 1.042054151184856892e-03
7.221314899652497843e-04 5.294560105539858341e-04
6.733434796842629804e-04 6.469449726864695549e-04
6.764698217011754899e-04 4.615700454451143742e-04
6.436097799451089962e-04 5.811274750158190727e-04
8.797909469649312520e-04 4.399682802613824606e-04
5.993808970742974928e-04 3.632092557381838560e-04
5.877373374460148842e-04 4.212057101540267467e-04
5.896987993764923452e-04 3.378377296030521393e-04
6.269399680604692115e-04 7.783444598317146301e-04
5.623556648060912050e-04 4.084929823875427246e-04
5.474215808135340705e-04 7.267690962180495262e-04
5.289088958306820132e-04 6.686902488581836224e-04
6.790040888517978601e-04 5.930890329182147980e-04
7.494032093745772944e-04 3.650280123110860586e-04
5.337790430530731101e-04 3.626903926488012075e-04
4.497406484006205357e-04 3.889298241119831800e-04
6.273777069509378201e-04 3.475596604403108358e-04
5.522250348803936504e-04 3.408002085052430630e-04
5.489997014592517882e-04 4.809762467630207539e-04
5.032745155403972170e-04 3.848141641356050968e-04
4.805866405149572312e-04 7.687545148655772209e-04
6.535226848427555524e-04 4.280121938791126013e-04
5.434747803519712544e-04 3.911543753929436207e-04
4.399216464662458964e-04 4.980723024345934391e-04
4.830539643990050427e-04 3.379434638191014528e-04
5.622330685582710213e-04 6.218851776793599129e-04
4.232940847032296222e-04 3.436794213484972715e-04
4.834473469600197642e-04 3.749966854229569435e-04
3.792913452343782193e-04 2.456486108712852001e-04
6.710178047796943723e-04 2.897682134062051773e-04
3.990456901192374170e-04 4.509104765020310879e-04
4.450921481293335200e-04 2.527901378925889730e-04
3.455326187577157033e-04 2.891153853852301836e-04
3.713163048814749454e-04 3.610501007642596960e-04
5.126551172907056753e-04 3.152569115627557039e-04
4.360230738711834311e-04 2.931682975031435490e-04
3.870298734909738306e-04 2.215967979282140732e-04
3.924573195945413426e-04 2.737873583100736141e-04
3.823746451416809577e-04 5.558641860261559486e-04
4.596254180796677464e-04 2.261583722429350019e-04
3.592776793084340170e-04 2.885940775740891695e-04
3.822943938757816904e-04 3.245480766054242849e-04
3.525756599628948715e-04 2.976955147460103035e-04
4.252208673278801143e-04 1.815684809116646647e-04
2.865860477868409145e-04 2.061509294435381889e-04
3.046758908567426152e-04 2.598706632852554321e-04
4.141908803831029435e-04 2.027109003392979503e-04
4.263188012373575692e-04 2.257884480059146881e-04
